void setup() {
 size(400, 400);
 background(104, 242, 203);
}
 
void draw() {
  noStroke();
  fill(153, 100, 31);
  ellipse(199, 210, 80, 100);
  fill(219, 157, 77);
  ellipse(199, 170, 120, 160);
  ellipse(138, 173, 20, 40);
  ellipse(260, 173, 20, 40);
  noStroke();
  fill(242, 182, 104);
  ellipse(199, 195, 20, 15);
  fill(0, 0, 0);
  quad(255, 180, 225, 115, 251, 100, 257, 150);
  ellipse(240, 108, 25, 30);
  ellipse(190, 100, 100, 45);
  quad(145, 180, 155, 115, 141, 100, 137, 150);
  quad(145, 160, 165, 135, 220, 110, 157, 100);
  fill(0, 0, 0);
  ellipse(175, 173, 10, 12);
  ellipse(225, 173, 10, 12);
  stroke(0, 0, 0);
  strokeWeight(3);
  line(182, 159, 160, 160);
  line(213, 159, 233, 160);
  line(185, 222, 215, 222);
  
}
